1	0	0.28230429294822024 0.3172371509862178 0.40045855606556185 ::::::::::0.9999999999999998
	1	0.2763120976315445 0.3200697073988174 0.4036181949696382 ::::::::::1.0000000000000002
	2	0.28039742673814805 0.32001713951784266 0.39958543374400934 ::::::::::1.0
	3	0.2767141020723598 0.3194218697189384 0.4038640282087019 ::::::::::1.0
	4	0.2837006278073122 0.3169711231538657 0.39932824903882214 ::::::::::1.0
	5	0.28654350849017807 0.3137106092951292 0.3997458822146928 ::::::::::1.0
	6	0.2820772236655196 0.3191511316976209 0.39877164463685955 ::::::::::1.0
	7	0.27950453980867873 0.3170576037461636 0.40343785644515745 ::::::::::0.9999999999999998
	8	0.27702055732367914 0.3215899535994823 0.4013894890768387 ::::::::::1.0
	9	0.2755066958246912 0.31823766795923886 0.40625563621606997 ::::::::::1.0
	10	0.28434184185893985 0.3152214015837336 0.40043675655732663 ::::::::::1.0
	11	0.27834098153350767 0.316679486093095 0.40497953237339723 ::::::::::0.9999999999999999
	12	0.27623662557388756 0.31969490476886403 0.40406846965724835 ::::::::::1.0
	13	0.28194727742281794 0.3223570879591415 0.39569563461804064 ::::::::::1.0
	14	0.2940157095225639 0.3164831001897636 0.38950119028767255 ::::::::::1.0
	15	0.2990778720770434 0.3138801758232535 0.387041952099703 ::::::::::1.0
	16	0.29116890658702516 0.3171146507383441 0.39171644267463074 ::::::::::1.0
	17	0.28279930319887897 0.3177654414110442 0.3994352553900768 ::::::::::1.0
	18	0.28512379201322413 0.31331170601737635 0.4015645019693994 ::::::::::0.9999999999999999
	19	0.2860227507414451 0.3157371434369415 0.3982401058216135 ::::::::::1.0
	20	0.2764293748560123 0.3146589692509926 0.4089116558929951 ::::::::::1.0
	21	0.28505740137641705 0.3166709101756812 0.3982716884479017 ::::::::::1.0
	22	0.2886499498016845 0.3202441455182172 0.3911059046800981 ::::::::::0.9999999999999999
	23	0.2763513574294299 0.31761284925246924 0.4060357933181008 ::::::::::0.9999999999999999
	24	0.27363977431532077 0.31401599276324554 0.41234423292143363 ::::::::::0.9999999999999999
	25	0.2727330104123887 0.3183974343488029 0.4088695552388084 ::::::::::1.0
	26	0.27898476985176907 0.3174078219870425 0.40360740816118856 ::::::::::1.0
	27	0.2809246968887613 0.3162821571734456 0.4027931459377932 ::::::::::1.0
	28	0.28097667334552356 0.3175666096079629 0.40145671704651364 ::::::::::1.0
	29	0.2759965198723954 0.31792219048031756 0.406081289647287 ::::::::::1.0
	30	0.2744401051977528 0.31821901226902094 0.40734088253322626 ::::::::::1.0
	31	0.280800559408841 0.31774800143632 0.401451439154839 ::::::::::1.0
	32	0.28991238783688744 0.313770104202579 0.39631750796053355 ::::::::::1.0
	33	0.29397481197695163 0.3144035700973838 0.3916216179256646 ::::::::::1.0
	34	0.2755066958246912 0.31823766795923886 0.40625563621606997 ::::::::::1.0
	35	0.281384455988373 0.3202121076943001 0.39840343631732694 ::::::::::1.0
	36	0.284336179749415 0.31767798177955464 0.3979858384710304 ::::::::::1.0
	37	0.2755066958246912 0.31823766795923886 0.40625563621606997 ::::::::::1.0
	38	0.27932426895676987 0.32161530031286745 0.3990604307303625 ::::::::::0.9999999999999998
	39	0.2794544399303541 0.31688914683691227 0.40365641323273355 ::::::::::1.0
	40	0.2841355743696582 0.3186400654419143 0.39722436018842755 ::::::::::1.0
	41	0.2741092075143042 0.32610305504388465 0.3997877374418112 ::::::::::1.0
	42	0.28129763990155204 0.32063286199304863 0.3980694981053994 ::::::::::1.0
	43	0.28192135800371665 0.3182672902429406 0.39981135175334276 ::::::::::1.0
	44	0.2813971767320295 0.3126175835553479 0.4059852397126226 ::::::::::1.0
	45	0.27691097988573693 0.32081551173222833 0.4022735083820347 ::::::::::0.9999999999999999
	46	0.28420537327774315 0.31439116137121764 0.4014034653510392 ::::::::::1.0
	47	0.2792786421499293 0.3195756718528996 0.40114568599717115 ::::::::::1.0
	48	0.2841253784686858 0.31532276803999926 0.40055185349131506 ::::::::::1.0
	49	0.27966942296631425 0.31831887465738845 0.40201170237629735 ::::::::::1.0
	50	0.3873679056673061 0.3173120078338569 0.29532008649883695 ::::::::::1.0
	51	0.2599248927038631 0.31598712446351934 0.42408798283261756 ::::::::::1.0
	52	0.4368754163890742 0.3294470353097934 0.23367754830113235 ::::::::::1.0
	53	0.16530950493622543 0.3119550335086833 0.5227354615550912 ::::::::::1.0
	54	0.15605427974947828 0.4478079331941543 0.3961377870563675 ::::::::::1.0
	55	0.0911367050575863 0.1927891837756633 0.7160741111667505 ::::::::::1.0
	56	0.37549781907832386 0.3157595296794994 0.3087426512421768 ::::::::::1.0
	57	0.22302463891248944 0.3160577740016992 0.46091758708581143 ::::::::::1.0
	58	0.17279411764705888 0.3088235294117647 0.5183823529411764 ::::::::::1.0
	59	0.1971845047923323 0.3111687965921192 0.49164669861554855 ::::::::::1.0
	60	0.21304184305941654 0.32312831844785966 0.4638298384927237 ::::::::::1.0
	61	0.160379094589621 0.28211262421788735 0.5575082811924919 ::::::::::1.0000000000000002
	62	0.14754909144196957 0.2852066236811253 0.5672442848769051 ::::::::::1.0
	63	0.05221932114882506 0.14360313315926887 0.804177545691906 ::::::::::1.0
	64	0.20271049596309118 0.2987312572087658 0.498558246828143 ::::::::::1.0
	65	0.2642286570144786 0.32576135796305544 0.41000998502246594 ::::::::::1.0
	66	0.160379094589621 0.28211262421788735 0.5575082811924917 ::::::::::1.0
	67	0.12090656214439255 0.2165254773043368 0.6625679605512705 ::::::::::0.9999999999999999
	68	0.12931034482758624 0.4310344827586205 0.4396551724137933 ::::::::::1.0
	69	0.157647040274964 0.27705296681986236 0.5652999929051736 ::::::::::1.0
	70	0.3304347826086958 0.38550724637681166 0.28405797101449254 ::::::::::1.0
	71	0.14577642361840734 0.26528682496322753 0.5889367514183651 ::::::::::1.0
	72	0.09558823529411768 0.6029411764705881 0.30147058823529416 ::::::::::0.9999999999999999
	73	0.0 0.0 1.0 ::::::::::1.0
	74	0.13478556841388725 0.2511912865895169 0.6140231449965958 ::::::::::1.0
	75	0.2142116182572616 0.3267634854771784 0.4590248962655601 ::::::::::1.0
	76	0.254828797190518 0.41483757682177347 0.3303336259877085 ::::::::::1.0
	77	0.5235849056603773 0.3490566037735849 0.12735849056603768 ::::::::::0.9999999999999998
	78	0.10169491525423734 0.2542372881355932 0.6440677966101694 ::::::::::1.0
	79	0.19048927982407923 0.29246838922484875 0.517042330951072 ::::::::::1.0
	80	0.17261450381679394 0.29408396946564885 0.5333015267175573 ::::::::::1.0
	81	0.17902767340804393 0.2930702126964419 0.5279021138955141 ::::::::::1.0
	82	0.1523841195129439 0.2669088304512432 0.580707050035813 ::::::::::1.0
	83	0.1465517241379308 0.5689655172413796 0.28448275862068956 ::::::::::1.0
	84	0.18397324025596268 0.29755671902268754 0.5184700407213498 ::::::::::1.0
	85	0.2890579286132243 0.3001755412521943 0.41076653013458136 ::::::::::1.0
	86	0.34793814432989734 0.35567010309278346 0.29639175257731926 ::::::::::1.0
	87	0.11813300289136726 0.32755059892606353 0.5543163981825693 ::::::::::1.0
	88	0.16293833131801708 0.2593712212817412 0.5776904474002417 ::::::::::1.0
	89	0.1615188438651176 0.29611788041938214 0.5423632757155001 ::::::::::0.9999999999999999
	90	0.12410299704516664 0.2452511608273531 0.6306458421274801 ::::::::::0.9999999999999998
	91	0.08242950108459879 0.17570498915401306 0.7418655097613882 ::::::::::1.0
	92	0.13806527968107643 0.2606826959013329 0.6012520244175907 ::::::::::1.0
	93	0.21952108146138005 0.317327503894668 0.46315141464395204 ::::::::::1.0
	94	0.13409929553840996 0.25729620932572955 0.6086044951358605 ::::::::::1.0
	95	0.13565217391304346 0.22226086956521726 0.6420869565217392 ::::::::::0.9999999999999999
	96	0.13330432654393165 0.23737524814401856 0.6293204253120497 ::::::::::0.9999999999999999
	97	0.10121882314956837 0.2009040277665673 0.6978771490838643 ::::::::::1.0
	98	0.2327282077977466 0.31989701681159777 0.44737477539065573 ::::::::::1.0
	99	0.14009104449432552 0.2546099142000041 0.6052990413056702 ::::::::::0.9999999999999999
	100	0.5430983082504217 0.29264035056212084 0.1642613411874574 ::::::::::1.0
	101	0.22222222222222202 0.5555555555555558 0.22222222222222227 ::::::::::1.0
	102	0.5274061286145876 0.3042727665084162 0.16832110487699614 ::::::::::1.0
	103	0.4680081065431379 0.37087434858135543 0.16111754487550664 ::::::::::1.0
	104	0.5698991766450973 0.29531139153427804 0.13478943182062475 ::::::::::1.0
	105	0.4423810203146013 0.32620953388744783 0.2314094457979509 ::::::::::1.0
	106	0.22045951859956234 0.3555798687089715 0.42396061269146623 ::::::::::1.0
	107	0.44595325484646753 0.32851889773689796 0.22552784741663465 ::::::::::1.0000000000000002
	108	0.38846153846153825 0.407692307692308 0.20384615384615384 ::::::::::1.0
	109	0.531726579520697 0.28458605664488024 0.1836873638344226 ::::::::::0.9999999999999999
	110	1.0 0.0 0.0 ::::::::::1.0
	111	0.328026088624592 0.5649338192979095 0.10704009207749847 ::::::::::0.9999999999999999
	112	0.6530561122244486 0.24799599198396818 0.0989478957915832 ::::::::::1.0
	113	0.21292004634994194 0.5393974507531867 0.24768250289687133 ::::::::::0.9999999999999999
	114	0.36947232435655336 0.4534433071648616 0.1770843684785849 ::::::::::0.9999999999999999
	115	0.7776785714285716 0.1625 0.059821428571428525 ::::::::::1.0
	116	0.5917874396135262 0.28985507246376857 0.11835748792270538 ::::::::::1.0000000000000002
	117	0.4579321755670492 0.30668212671157036 0.23538569772138046 ::::::::::1.0
	118	0.4135953034182744 0.3411163836874194 0.24528831289430617 ::::::::::1.0
	119	0.13932868904369847 0.47815072830905625 0.38252058264724526 ::::::::::1.0
	120	0.6213787313689597 0.25269401742337727 0.12592725120766304 ::::::::::1.0
	121	0.25275554884493423 0.4727464895062661 0.2744979616487997 ::::::::::1.0
	122	0.42191267077417616 0.3343155638896331 0.24377176533619074 ::::::::::1.0
	123	0.0 1.0 0.0 ::::::::::1.0
	124	0.6624474421864047 0.22258234057463233 0.11497021723896292 ::::::::::1.0
	125	0.5045100077982843 0.2978164803743178 0.19767351182739798 ::::::::::1.0
	126	0.06818181818181812 0.863636363636364 0.06818181818181811 ::::::::::1.0000000000000002
	127	0.26383763837638374 0.5682656826568266 0.1678966789667896 ::::::::::1.0
	128	0.5080968652503338 0.36413608676274006 0.12776704798692615 ::::::::::1.0
	129	0.4706619035887327 0.31736059784840287 0.2119774985628644 ::::::::::1.0
	130	0.4504841549295773 0.33406690140845086 0.21544894366197181 ::::::::::1.0
	131	0.4591782104354694 0.3038456474993784 0.23697614206515225 ::::::::::1.0
	132	0.5184913652655584 0.3559791463017274 0.12552948843271422 ::::::::::1.0
	133	0.1734301580521141 0.5574540794532256 0.2691157624946603 ::::::::::1.0
	134	0.2574699342893744 0.41563003678141935 0.3269000289292062 ::::::::::1.0
	135	0.46891711302571676 0.32222379157114767 0.20885909540313555 ::::::::::1.0
	136	0.6449210875211129 0.23582935289951162 0.1192495595793756 ::::::::::1.0000000000000002
	137	0.6244009584664534 0.2591853035143773 0.11641373801916935 ::::::::::1.0
	138	0.2374999999999999 0.5250000000000001 0.2374999999999999 ::::::::::1.0
	139	0.691104865207236 0.2169747832627373 0.09192035153002663 ::::::::::1.0
	140	0.6395772594752185 0.2514577259475221 0.10896501457725949 ::::::::::1.0
	141	0.6921386718749999 0.22216796875000008 0.08569335937500003 ::::::::::1.0
	142	0.22222222222222202 0.5555555555555558 0.22222222222222227 ::::::::::1.0
	143	0.5823920935861232 0.2728922952803552 0.14471561113352163 ::::::::::1.0
	144	0.6249999999999998 0.25000000000000017 0.12500000000000006 ::::::::::1.0
	145	0.7133385335413416 0.21762870514820615 0.06903276131045245 ::::::::::1.0000000000000002
	146	0.09139669598798536 0.8378030465565331 0.07080025745548167 ::::::::::1.0000000000000002
	147	0.8076375035622679 0.155314904531206 0.037047591906526164 ::::::::::1.0
	148	0.6850448423073103 0.21236390111526643 0.1025912565774233 ::::::::::1.0
	149	0.3076379066478073 0.4667609618104672 0.2256011315417254 ::::::::::1.0
	150	0.30171508955059134 0.33532931278356165 0.36295559766584706 ::::::::::1.0
2	0	0.40521548264508833 0.42451145800914014 0.17027305934577147 ::::::::::1.0
	1	0.42360785306930315 0.413330447351377 0.16306169957931976 ::::::::::0.9999999999999998
	2	0.4116077476941751 0.4183037589006832 0.17008849340514165 ::::::::::1.0
	3	0.41481669320185577 0.4213595432523583 0.1638237635457861 ::::::::::1.0
	4	0.3999279024669521 0.4275802961359777 0.17249180139707015 ::::::::::1.0
	5	0.3868058300395258 0.44192193675889324 0.17127223320158103 ::::::::::1.0
	6	0.40192539109506625 0.4271961492178098 0.170878459687124 ::::::::::1.0
	7	0.408313251074974 0.4261255741084459 0.1655611748165801 ::::::::::1.0
	8	0.418328064374997 0.41475600310424265 0.16691593252076056 ::::::::::1.0000000000000002
	9	0.42073912161512367 0.4175203523787238 0.16174052600615257 ::::::::::1.0
	10	0.39973303763458434 0.42812444842486486 0.17214251394055086 ::::::::::1.0
	11	0.40537847035730773 0.4309177783408724 0.1637037513018197 ::::::::::0.9999999999999999
	12	0.4223583160060367 0.4133628549146302 0.1642788290793331 ::::::::::1.0
	13	0.41181915146813824 0.4108524398449736 0.17732840868688832 ::::::::::1.0000000000000002
	14	0.39122303698454786 0.4178731076238222 0.19090385539163 ::::::::::1.0
	15	0.3717535753695328 0.43377515265565286 0.19447127197481445 ::::::::::1.0000000000000002
	16	0.39012385151280593 0.427371857436139 0.1825042910510551 ::::::::::1.0
	17	0.4043090267128252 0.425703348860696 0.16998762442647894 ::::::::::1.0
	18	0.3958124906726215 0.4333375709571687 0.17084993837020984 ::::::::::1.0
	19	0.3913903085437883 0.4348303317997471 0.1737793596564646 ::::::::::1.0
	20	0.4142658054282993 0.42696995679476707 0.15876423777693371 ::::::::::1.0
	21	0.3943865888397793 0.43436427267433536 0.1712491384858853 ::::::::::0.9999999999999999
	22	0.3960131308431199 0.41919891133744774 0.1847879578194324 ::::::::::1.0
	23	0.4115499450812952 0.4327284540771336 0.1557216008415711 ::::::::::1.0
	24	0.4040691563266441 0.44135928507855193 0.15457155859480404 ::::::::::1.0
	25	0.4275320340700712 0.41664940047556015 0.15581856545436862 ::::::::::1.0
	26	0.4062574086375619 0.4319954556444135 0.16174713571802463 ::::::::::1.0
	27	0.4064777611854101 0.42636233880881463 0.16715990000577527 ::::::::::1.0
	28	0.41075435874191285 0.42096771036468467 0.1682779308934025 ::::::::::1.0
	29	0.41261168065674203 0.42620911104202097 0.16117920830123703 ::::::::::1.0
	30	0.41892784068708117 0.4223456668931529 0.15872649241976577 ::::::::::0.9999999999999998
	31	0.4117932755193068 0.423371815051023 0.1648349094296701 ::::::::::1.0
	32	0.3829433929303639 0.43484837088779277 0.18220823618184334 ::::::::::1.0
	33	0.3811602965081949 0.43028269906206107 0.18855700442974402 ::::::::::1.0
	34	0.42073912161512367 0.4175203523787238 0.16174052600615257 ::::::::::1.0
	35	0.4152521752263326 0.4132804175092085 0.1714674072644589 ::::::::::1.0
	36	0.4093092875067349 0.4164827492465435 0.1742079632467216 ::::::::::1.0
	37	0.42073912161512367 0.4175203523787238 0.16174052600615257 ::::::::::1.0
	38	0.4141177192094814 0.41523695628842583 0.17064532450209285 ::::::::::1.0000000000000002
	39	0.40969982990963544 0.4250461345487023 0.16525403554166232 ::::::::::1.0
	40	0.4030906720353368 0.4237308570491943 0.1731784709154689 ::::::::::1.0
	41	0.43916613997873166 0.3954464614696381 0.16538739855163037 ::::::::::1.0
	42	0.40713508158793177 0.4199265787652905 0.1729383396467777 ::::::::::1.0
	43	0.39897887459594394 0.4370493778970835 0.16397174750697266 ::::::::::1.0
	44	0.38541232622447824 0.45270654191446646 0.16188113186105535 ::::::::::1.0
	45	0.4211945579959172 0.4154064721037956 0.16339896990028724 ::::::::::1.0
	46	0.3917830143315189 0.436954343609468 0.171262642059013 ::::::::::0.9999999999999999
	47	0.4104676923334192 0.42145146606285655 0.16808084160372427 ::::::::::1.0
	48	0.39871554723039876 0.4294888948354295 0.1717955579341718 ::::::::::1.0000000000000002
	49	0.41240490354914305 0.4207230491621299 0.16687204728872695 ::::::::::0.9999999999999999
	50	0.2221252851313649 0.2914019829693649 0.4864727318992702 ::::::::::1.0
	51	0.22716272201484883 0.5311128430206326 0.24172443496451876 ::::::::::1.0
	52	0.1682986398978242 0.2221873669587039 0.6095139931434719 ::::::::::1.0
	53	0.5979138285110105 0.3608100689290578 0.041276102559931686 ::::::::::0.9999999999999999
	54	0.3076649022801304 0.40360342019544 0.28873167752442974 ::::::::::1.0
	55	0.14458778544116074 0.8158882178465496 0.03952399671228961 ::::::::::1.0
	56	0.19054996127033305 0.4763749031758327 0.3330751355538342 ::::::::::1.0
	57	0.47299366177776436 0.4448697143207078 0.08213662390152791 ::::::::::1.0000000000000002
	58	0.3144853875476494 0.41296060991105493 0.27255400254129575 ::::::::::1.0
	59	0.29058920513710523 0.6553713988198541 0.054039396043040616 ::::::::::0.9999999999999999
	60	0.5633416260148206 0.3597577710688705 0.07690060291630886 ::::::::::1.0
	61	0.11683006535947724 0.8447712418300652 0.03839869281045755 ::::::::::1.0
	62	1.0 0.0 0.0 ::::::::::1.0
	63	0.2377826404084609 0.5944566010211526 0.16776075857038644 ::::::::::0.9999999999999999
	64	0.288551401869159 0.6658878504672895 0.04556074766355141 ::::::::::0.9999999999999999
	65	0.2917068616772988 0.43354597790571026 0.2747471604169909 ::::::::::1.0
	66	0.12038922833220188 0.8237157727992759 0.05589499886852228 ::::::::::1.0
	67	0.3256880733944953 0.651376146788991 0.02293577981651375 ::::::::::1.0
	68	0.5768721158678667 0.29113172202677395 0.13199616210535936 ::::::::::1.0
	69	0.5551149881046787 0.41633624107850903 0.028548770816812064 ::::::::::0.9999999999999999
	70	0.1830195018157966 0.5238933239477179 0.29308717423648556 ::::::::::1.0
	71	0.3361906259830135 0.6185907518087449 0.045218622208241535 ::::::::::1.0
	72	0.3269672537273095 0.3407053736318184 0.33232737264087214 ::::::::::1.0
	73	0.2894736842105262 0.5789473684210529 0.131578947368421 ::::::::::1.0
	74	0.3372632671298032 0.5383240609956471 0.1244126718745496 ::::::::::0.9999999999999999
	75	0.3084737659854188 0.4575116529221946 0.23401458109238665 ::::::::::1.0
	76	0.25936199722607506 0.28294036061026373 0.4576976421636614 ::::::::::1.0000000000000002
	77	0.11595092024539878 0.16073619631901842 0.7233128834355826 ::::::::::0.9999999999999998
	78	0.19887628538110885 0.7031697233117777 0.09795399130711328 ::::::::::0.9999999999999998
	79	0.5553625599373717 0.4024366376357763 0.042200802426851945 ::::::::::1.0
	80	0.6046935276468068 0.3606943849121301 0.03461208744106301 ::::::::::0.9999999999999999
	81	0.6214321343457297 0.3422379870309814 0.03632987862328881 ::::::::::1.0
	82	0.34895404381485745 0.6244440784055345 0.026601877779607968 ::::::::::1.0
	83	0.23928597503102866 0.37869606483171514 0.38201796013725625 ::::::::::1.0
	84	0.14270703983188457 0.7928168879549145 0.06447607221320086 ::::::::::0.9999999999999999
	85	0.16393442622950824 0.6721311475409836 0.16393442622950818 ::::::::::1.0
	86	0.2216748768472906 0.334975369458128 0.44334975369458135 ::::::::::1.0
	87	0.6561576354679802 0.25517241379310357 0.08866995073891629 ::::::::::1.0000000000000002
	88	0.0320279055018236 0.9608371650547006 0.007134929443475552 ::::::::::0.9999999999999998
	89	0.4248570615476161 0.5373192248984553 0.03782371355392855 ::::::::::1.0
	90	0.2703221863267266 0.6870688902470968 0.04260892342617656 ::::::::::1.0
	91	0.20393050412987737 0.6627741384221023 0.13329535744802018 ::::::::::0.9999999999999998
	92	0.4546014158202524 0.5195444752231457 0.025854108956602024 ::::::::::1.0000000000000002
	93	0.506830461820777 0.41543480477112843 0.07773473340809463 ::::::::::1.0
	94	0.16531692882728544 0.811555832424856 0.023127238747858596 ::::::::::1.0
	95	0.0 1.0 0.0 ::::::::::1.0
	96	0.027247956403269817 0.9673024523160761 0.005449591280653961 ::::::::::0.9999999999999999
	97	0.26140304081088306 0.6628434249133102 0.07575353427580686 ::::::::::1.0
	98	0.4737057603650938 0.43921262247443155 0.08708161716047444 ::::::::::0.9999999999999998
	99	0.0969976905311782 0.8891454965357963 0.013856812933025441 ::::::::::1.0
	100	0.08019238222054395 0.11253763675931354 0.8072699810201426 ::::::::::1.0
	101	0.2251898402723226 0.3715632364493325 0.40324692327834494 ::::::::::1.0
	102	0.034651901446563854 0.04083536795911324 0.924512730594323 ::::::::::1.0000000000000002
	103	0.07748811752844594 0.10888664842287205 0.813625234048682 ::::::::::1.0
	104	0.031603584907902056 0.041912373318336776 0.9264840417737611 ::::::::::0.9999999999999999
	105	0.12292431013764936 0.13487863892313787 0.7421970509392128 ::::::::::1.0
	106	0.32627373894296313 0.5411369328810121 0.13258932817602487 ::::::::::1.0
	107	0.09711732638002535 0.10730538377956482 0.7955772898404097 ::::::::::0.9999999999999998
	108	0.08192753869098118 0.08762513730498227 0.8304473240040365 ::::::::::1.0
	109	0.08371784408029846 0.10647301029681447 0.8098091456228871 ::::::::::1.0
	110	0.07063270990847599 0.11473670248043522 0.8146305876110889 ::::::::::1.0
	111	0.09013477088948782 0.1150404312668463 0.7948247978436658 ::::::::::0.9999999999999999
	112	0.0 0.0 1.0 ::::::::::1.0
	113	0.27083547743037684 0.38589630117530815 0.3432682213943149 ::::::::::0.9999999999999999
	114	0.18798350154910576 0.2917830871870903 0.520233411263804 ::::::::::1.0
	115	0.053324037133155096 0.08206478935068615 0.8646111735161587 ::::::::::0.9999999999999999
	116	0.04272554002541295 0.06003811944091486 0.8972363405336722 ::::::::::1.0
	117	0.14119798593957822 0.16839255177655332 0.6904094622838685 ::::::::::1.0
	118	0.15464760891801957 0.16063317987930154 0.684719211202679 ::::::::::1.0
	119	0.3972131454317752 0.34007974780117756 0.26270710676704717 ::::::::::1.0
	120	0.019437340153452706 0.02514263230375765 0.9554200275427898 ::::::::::1.0000000000000002
	121	0.23618128509450503 0.46635796124592926 0.29746075365956587 ::::::::::1.0000000000000002
	122	0.14137870529297042 0.14926900815012614 0.7093522865569034 ::::::::::1.0
	123	0.2153897778989533 0.29657515572240506 0.4880350663786415 ::::::::::0.9999999999999998
	124	0.022817421356478015 0.03188940816086084 0.9452931704826613 ::::::::::1.0
	125	0.06530335694487223 0.07849707422235916 0.8561995688327687 ::::::::::1.0
	126	0.22843295638126015 0.37996768982229406 0.39159935379644584 ::::::::::1.0
	127	0.18820870668464035 0.39132503370073746 0.42046625961462214 ::::::::::0.9999999999999999
	128	0.0439974858579509 0.05719673161533618 0.8988057825267128 ::::::::::0.9999999999999999
	129	0.07405840033855272 0.08463817181548884 0.8413034278459586 ::::::::::1.0000000000000002
	130	0.08697507972200147 0.09328479389813528 0.8197401263798633 ::::::::::1.0
	131	0.1424006236523664 0.16799635618842132 0.6896030201592123 ::::::::::1.0
	132	0.04378171865199286 0.056702970861606805 0.8995153104864003 ::::::::::1.0
	133	0.20715704983179564 0.30436151167594605 0.4884814384922583 ::::::::::1.0
	134	0.21013996203618385 0.26176917684679807 0.5280908611170182 ::::::::::1.0
	135	0.0994973946752364 0.10863491051275814 0.7918676948120054 ::::::::::0.9999999999999999
	136	0.0694149794970261 0.10713281274413469 0.8234522077588391 ::::::::::0.9999999999999999
	137	0.0576040870230068 0.08719677486619855 0.8551991381107947 ::::::::::1.0
	138	0.20225960948053542 0.4794301854353433 0.3183102050841213 ::::::::::1.0
	139	0.006174315958103659 0.007993236064680142 0.9858324479772161 ::::::::::0.9999999999999999
	140	0.019677397764540496 0.02596881065524392 0.9543537915802156 ::::::::::1.0
	141	0.04376741466099466 0.057011156849480084 0.8992214284895252 ::::::::::1.0
	142	0.2251898402723226 0.3715632364493325 0.40324692327834494 ::::::::::1.0
	143	0.032037047202247614 0.04155833786609317 0.9264046149316593 ::::::::::1.0
	144	0.039745879229419835 0.05404807433980749 0.9062060464307726 ::::::::::1.0
	145	0.03052906171027956 0.040515203391212125 0.9289557348985084 ::::::::::1.0
	146	0.21446959886415057 0.2452841964021033 0.5402462047337463 ::::::::::1.0000000000000002
	147	0.05003291639236335 0.07307439104674122 0.8768926925608954 ::::::::::1.0
	148	0.08564231738035256 0.14357682619647344 0.7707808564231741 ::::::::::1.0
	149	0.18434517649764282 0.38087846383810514 0.43477635966425204 ::::::::::1.0
	150	0.38486558909393453 0.36751899741114696 0.2476154134949185 ::::::::::1.0
3	0	0.44875005634499954 0.23099515545261576 0.3202547882023847 ::::::::::1.0
	1	0.45442348113166753 0.22569932242586677 0.31987719644246565 ::::::::::1.0
	2	0.44972558320443223 0.23023714130590203 0.3200372754896658 ::::::::::1.0
	3	0.45665197573828054 0.2246395945231199 0.3187084297385996 ::::::::::1.0
	4	0.4477255922987426 0.23219688163166444 0.320077526069593 ::::::::::1.0
	5	0.4495426344070199 0.2315911801780792 0.31886618541490097 ::::::::::1.0
	6	0.4515438605610397 0.2299012241116515 0.31855491532730884 ::::::::::1.0
	7	0.4539417263711095 0.2268481098793431 0.31921016374954736 ::::::::::1.0
	8	0.45314132430545984 0.22709929178911056 0.31975938390542963 ::::::::::1.0
	9	0.45592240625447955 0.22414993954308537 0.31992765420243496 ::::::::::0.9999999999999999
	10	0.4457955234936478 0.23299505559718972 0.3212094209091624 ::::::::::0.9999999999999999
	11	0.4575867155242001 0.22432182634003955 0.3180914581357604 ::::::::::1.0
	12	0.45319792405630427 0.22626292797670164 0.32053914796699395 ::::::::::0.9999999999999998
	13	0.44266985550073873 0.23534346748140547 0.3219866770178558 ::::::::::1.0
	14	0.4262089021059355 0.24880325592803085 0.3249878419660336 ::::::::::0.9999999999999999
	15	0.4262011522546135 0.2506353366951848 0.3231635110502015 ::::::::::0.9999999999999998
	16	0.4376090441589806 0.24127001311652896 0.32112094272449043 ::::::::::1.0
	17	0.4497609320368289 0.23079519647193159 0.3194438714912396 ::::::::::1.0
	18	0.44590839530700455 0.23262276156468978 0.32146884312830565 ::::::::::1.0
	19	0.4476151019392043 0.23304561719014164 0.31933928087065405 ::::::::::1.0
	20	0.4579476460635015 0.22255399621777647 0.31949835771872204 ::::::::::1.0
	21	0.45049588351777636 0.23121898138814254 0.3182851350940812 ::::::::::1.0
	22	0.4370768309954677 0.2412913655579514 0.32163180344658093 ::::::::::1.0
	23	0.4661873549279457 0.21891307351179204 0.3148995715602623 ::::::::::1.0
	24	0.46849566033847057 0.21583346692009991 0.31567087274142946 ::::::::::1.0
	25	0.4615357275609651 0.21986544501920002 0.318598827419835 ::::::::::1.0000000000000002
	26	0.45988667104723996 0.22348878575453598 0.31662454319822403 ::::::::::1.0
	27	0.45134022120931583 0.22868239239248433 0.31997738639819984 ::::::::::1.0
	28	0.4494364358128982 0.23001703976490784 0.32054652442219406 ::::::::::1.0000000000000002
	29	0.45970268826108746 0.22236552886521374 0.3179317828736987 ::::::::::0.9999999999999999
	30	0.4608827329139928 0.22104326831437837 0.3180739987716289 ::::::::::1.0
	31	0.45294220824223214 0.2279566033133238 0.319101188444444 ::::::::::0.9999999999999999
	32	0.43835697713776606 0.23952174629132267 0.32212127657091133 ::::::::::1.0
	33	0.4311982730107879 0.2455529520896088 0.32324877489960324 ::::::::::0.9999999999999999
	34	0.45592240625447955 0.22414993954308537 0.31992765420243496 ::::::::::0.9999999999999999
	35	0.44621557372063164 0.23259256234036796 0.3211918639390004 ::::::::::1.0
	36	0.44166660092317583 0.23577513805275563 0.3225582610240687 ::::::::::1.0000000000000002
	37	0.45592240625447955 0.22414993954308537 0.31992765420243496 ::::::::::0.9999999999999999
	38	0.4497469600568326 0.23005583316056702 0.32019720678260044 ::::::::::1.0
	39	0.4534916055509873 0.2269949739873349 0.3195134204616778 ::::::::::1.0
	40	0.4470097481753074 0.23316319350679482 0.3198270583178978 ::::::::::1.0
	41	0.4502899666070776 0.2279923453326712 0.32171768806025114 ::::::::::0.9999999999999999
	42	0.4485386333504532 0.23147761069240233 0.3199837559571444 ::::::::::1.0
	43	0.45983244714610094 0.22505394694159628 0.31511360591230275 ::::::::::1.0
	44	0.4622248553932692 0.22224700388287483 0.315528140723856 ::::::::::1.0
	45	0.45555373946342254 0.22555864291218158 0.3188876176243958 ::::::::::1.0
	46	0.44965529318729913 0.23076077370757528 0.31958393310512556 ::::::::::1.0
	47	0.4526082272004022 0.22806694992814824 0.3193248228714495 ::::::::::0.9999999999999999
	48	0.446940142193086 0.2323389224368754 0.3207209353700386 ::::::::::1.0
	49	0.4517730472079403 0.22835844491490476 0.3198685078771549 ::::::::::1.0
	50	0.1690326357383288 0.44782672325479317 0.38314064100687806 ::::::::::1.0
	51	0.19112719474601284 0.21887146495107945 0.5900013403029076 ::::::::::0.9999999999999999
	52	0.12310737984382451 0.5379257249697551 0.3389668951864205 ::::::::::1.0
	53	0.6729421378508343 0.08435741898984825 0.24270044315931746 ::::::::::1.0
	54	0.14789479891496674 0.19047057436018416 0.6616346267248491 ::::::::::1.0
	55	0.6599999999999999 0.03999999999999997 0.3000000000000002 ::::::::::1.0
	56	0.14476687316596024 0.336485164656016 0.5187479621780239 ::::::::::1.0
	57	0.5846559373317739 0.1406631892236392 0.2746808734445868 ::::::::::0.9999999999999999
	58	0.17399309551208308 0.2009205983889528 0.6250863060989641 ::::::::::1.0
	59	0.7320520736176976 0.0763369809387439 0.19161094544355856 ::::::::::1.0
	60	0.5622249928235711 0.14579075675976746 0.2919842504166614 ::::::::::1.0
	61	0.7396633436836081 0.04559568556953757 0.21474097074685433 ::::::::::1.0
	62	0.5486686614911543 0.11258807793604607 0.33874326057279947 ::::::::::0.9999999999999999
	63	0.0 0.0 1.0 ::::::::::1.0
	64	0.7389076848719187 0.07510874818753026 0.18598356694055104 ::::::::::1.0
	65	0.22544859669751047 0.27304330044476294 0.5015081028577266 ::::::::::1.0
	66	0.6302743350508286 0.0647542125052221 0.3049714524439492 ::::::::::0.9999999999999999
	67	0.7778991046079932 0.04258571740554705 0.1795151779864598 ::::::::::1.0
	68	0.3232497839239413 0.1654278305963699 0.5113223854796888 ::::::::::1.0
	69	0.7420242024202419 0.06270627062706274 0.19526952695269537 ::::::::::1.0
	70	0.20092946965554948 0.30344450519409527 0.49562602515035525 ::::::::::1.0
	71	0.6597502401536989 0.06858789625360226 0.2716618635926989 ::::::::::1.0
	72	0.15430937147158455 0.19759126834776064 0.6480993601806547 ::::::::::0.9999999999999999
	73	0.10016097299230917 0.03845465927383294 0.8613843677338581 ::::::::::1.0000000000000002
	74	0.3003380916604061 0.1220886551465066 0.5775732531930873 ::::::::::1.0
	75	0.22459893048128354 0.21711229946524074 0.5582887700534758 ::::::::::1.0
	76	0.1565171642772591 0.35551755885834535 0.48796527686439545 ::::::::::0.9999999999999998
	77	0.06970358374991205 0.7009082588185596 0.2293881574315285 ::::::::::1.0
	78	0.2041547277936965 0.04727793696275073 0.7485673352435528 ::::::::::1.0
	79	0.6626501292152042 0.09736306723118135 0.23998680355361454 ::::::::::1.0
	80	0.6930675506380336 0.08202973425426008 0.2249027151077064 ::::::::::1.0
	81	0.6698422884221438 0.09173926993607624 0.23841844164178003 ::::::::::1.0
	82	0.8075087496022909 0.04295259306395165 0.1495386573337575 ::::::::::1.0
	83	0.14968701805316148 0.2336024675678124 0.6167105143790259 ::::::::::0.9999999999999998
	84	0.6485766816712102 0.08020034235719264 0.2712229759715972 ::::::::::1.0
	85	0.3153194412640257 0.2024272956262882 0.4822532631096861 ::::::::::1.0
	86	0.14015010775061312 0.40521661588764263 0.4546332763617442 ::::::::::1.0
	87	0.3406806165760668 0.1414848462283119 0.5178345371956213 ::::::::::1.0
	88	0.9430051813471498 0.012089810017271243 0.044905008635578864 ::::::::::1.0
	89	0.7630505135781622 0.05740818910932884 0.17954129731250884 ::::::::::1.0
	90	0.7232572115384613 0.052283653846153855 0.22445913461538483 ::::::::::1.0
	91	0.05428954423592537 0.022788203753351315 0.9229222520107234 ::::::::::1.0
	92	0.7893761581222978 0.0438542310067943 0.1667696108709079 ::::::::::1.0
	93	0.5834371175776215 0.13986506243299154 0.27669781998938703 ::::::::::1.0
	94	0.8992033252511257 0.019050917907862834 0.08174575684101143 ::::::::::1.0
	95	0.9497867390461416 0.00891818534315628 0.04129507561070192 ::::::::::0.9999999999999998
	96	1.0 0.0 0.0 ::::::::::1.0
	97	0.37836970474967946 0.07509627727856236 0.546534017971758 ::::::::::0.9999999999999999
	98	0.5734444809639215 0.1495291997298362 0.2770263193062424 ::::::::::1.0
	99	0.9562326012991028 0.008351376430559903 0.03541602227033734 ::::::::::1.0
	100	0.1358307346149292 0.6363241621600282 0.2278451032250425 ::::::::::0.9999999999999999
	101	0.20466949666464532 0.3329290479078226 0.462401455427532 ::::::::::1.0
	102	0.1233221476510068 0.645973154362416 0.2307046979865773 ::::::::::1.0
	103	0.10348108213597453 0.6332056692606052 0.2633132486034203 ::::::::::1.0
	104	0.0995745122457452 0.7022623495226233 0.19816313823163148 ::::::::::1.0
	105	0.1841562105575767 0.5257108916771847 0.2901328977652387 ::::::::::1.0
	106	0.5244013337374961 0.15732040012124882 0.318278266141255 ::::::::::0.9999999999999999
	107	0.16659599528857486 0.5442638398115429 0.28914016489988226 ::::::::::1.0
	108	0.14607470707041256 0.5470911198769219 0.3068341730526654 ::::::::::1.0
	109	0.1492628804364484 0.6119778097894382 0.2387593097741135 ::::::::::1.0
	110	0.0 1.0 0.0 ::::::::::1.0
	111	0.09423266513309239 0.6383503121919158 0.26741702267499184 ::::::::::1.0
	112	0.06661671548259662 0.7882977998773925 0.145085484640011 ::::::::::1.0
	113	0.2626806715144986 0.29724391776640624 0.4400754107190952 ::::::::::1.0
	114	0.1946446961894955 0.4902162718846547 0.31513903192584974 ::::::::::1.0
	115	0.04348726444398425 0.866639055705115 0.08987367985090075 ::::::::::1.0
	116	0.06914783021950288 0.7462203344521339 0.18463183532836325 ::::::::::1.0
	117	0.19306417340497745 0.5208344859811548 0.2861013406138679 ::::::::::1.0000000000000002
	118	0.20388101266792574 0.49201694675027674 0.3041020405817976 ::::::::::1.0
	119	0.2541659653257027 0.21208550749032132 0.5337485271839759 ::::::::::0.9999999999999999
	120	0.09330137778206002 0.7311157144233547 0.17558290779458532 ::::::::::1.0
	121	0.2852863134468887 0.28246169648206787 0.43225199007104353 ::::::::::1.0
	122	0.19472827081798066 0.5032040652147333 0.30206766396728596 ::::::::::0.9999999999999998
	123	0.12266161496566426 0.3779303812455602 0.4994080037887755 ::::::::::1.0
	124	0.07900277941548058 0.7618125157921333 0.15918470479238622 ::::::::::1.0
	125	0.138859190004507 0.6041411027808024 0.2569997072146906 ::::::::::1.0
	126	0.12709030100334462 0.290969899665552 0.5819397993311035 ::::::::::1.0
	127	0.1165048543689321 0.37864077669902935 0.5048543689320386 ::::::::::1.0
	128	0.09593625498007975 0.691633466135458 0.21243027888446228 ::::::::::1.0
	129	0.13988222364070063 0.5820523034541012 0.27806547290519823 ::::::::::1.0
	130	0.1605979326267838 0.5572261601747495 0.2821759071984666 ::::::::::0.9999999999999998
	131	0.19075726849510746 0.5223228947821145 0.286919836722778 ::::::::::0.9999999999999999
	132	0.09786293698615103 0.6956778346624206 0.20645922835142824 ::::::::::0.9999999999999999
	133	0.10803142732431256 0.2928852029681357 0.5990833697075516 ::::::::::0.9999999999999999
	134	0.1841190527916577 0.36172061698891994 0.45416033021942237 ::::::::::1.0
	135	0.16755139913073208 0.5619817356058016 0.27046686526346636 ::::::::::1.0
	136	0.09510869565217395 0.7336956521739131 0.17119565217391308 ::::::::::1.0
	137	0.06718991166135765 0.7543594627434238 0.1784506255952186 ::::::::::1.0
	138	0.15558588418795094 0.2630142327939169 0.5813998830181321 ::::::::::0.9999999999999999
	139	0.061237874026506475 0.8074327093865278 0.1313294165869656 ::::::::::0.9999999999999999
	140	0.08293833062746285 0.7590660259600401 0.15799564341249706 ::::::::::1.0
	141	0.0639068062983212 0.8086668950826021 0.12742629861907676 ::::::::::1.0000000000000002
	142	0.20466949666464532 0.3329290479078226 0.462401455427532 ::::::::::1.0
	143	0.1091322933959115 0.6907275642985123 0.20014014230557617 ::::::::::1.0
	144	0.09876502606436344 0.7257732975941852 0.1754616763414515 ::::::::::1.0
	145	0.05043597531106109 0.8434015871460762 0.10616243754286278 ::::::::::1.0
	146	0.15201146483775216 0.42010441191524184 0.4278841232470059 ::::::::::1.0
	147	0.021485235786690246 0.9195680916703391 0.05894667254297063 ::::::::::1.0
	148	0.08085063697462136 0.7667770087270539 0.15237235429832485 ::::::::::1.0
	149	0.1533101045296167 0.3867595818815329 0.45993031358885034 ::::::::::1.0
	150	0.38542110791971396 0.2813807676364167 0.3331981244438694 ::::::::::1.0
4	0	0.004120672812160224 0.004170737061279929 0.9917085901265599 ::::::::::1.0
	1	0.02494112502573542 0.02514602701134164 0.9499128479629227 ::::::::::0.9999999999999998
	2	0.01988025528636829 0.0201874180289903 0.9599323266846415 ::::::::::1.0
	3	0.02727384919165741 0.027792175737381217 0.9449339750709613 ::::::::::1.0
	4	0.003147317975491537 0.003199435476465639 0.9936532465480428 ::::::::::1.0
	5	0.009089536463838156 0.009240525441642777 0.981669938094519 ::::::::::0.9999999999999999
	6	0.015165350534366764 0.015515994477357903 0.9693186549882752 ::::::::::0.9999999999999999
	7	0.006532283781742507 0.006626273476443837 0.9868414427418135 ::::::::::0.9999999999999999
	8	0.04447476780453979 0.045300111450005745 0.9102251207454545 ::::::::::1.0
	9	0.021523835160532485 0.021763655050900537 0.9567125097885669 ::::::::::1.0
	10	0.006328755218861601 0.006385430638732004 0.9872858141424063 ::::::::::1.0
	11	0.010645738618831132 0.01087202485034252 0.9784822365308264 ::::::::::1.0
	12	0.0280329078162889 0.028329945250103888 0.9436371469336072 ::::::::::1.0
	13	0.045703540778008214 0.04651816014575586 0.9077782990762359 ::::::::::1.0
	14	0.03003384094754654 0.03003384094754654 0.9399323181049068 ::::::::::0.9999999999999999
	15	0.03868575494967188 0.03922789766167929 0.9220863473886488 ::::::::::1.0
	16	0.00784792656773657 0.007929753290243776 0.9842223201420197 ::::::::::1.0
	17	0.0028075766671965 0.0028423537007110826 0.9943500696320924 ::::::::::1.0
	18	0.02242166042344035 0.022522375349542278 0.9550559642270174 ::::::::::1.0
	19	9.555483478783552E-4 9.742022931761271E-4 0.9980702493589456 ::::::::::1.0
	20	0.013661624068159166 0.013735831694819456 0.9726025442370214 ::::::::::1.0
	21	0.0 0.0 1.0 ::::::::::1.0
	22	0.019691470795636157 0.020080807860797027 0.9602277213435669 ::::::::::1.0
	23	0.011312938944438706 0.011464620807380903 0.9772224402481805 ::::::::::1.0
	24	0.0191530022682544 0.019668699690662973 0.9611782980410827 ::::::::::1.0
	25	0.025743787026342276 0.025948712694213658 0.9483075002794441 ::::::::::1.0
	26	0.0055438452089478715 0.0056357638859874225 0.9888203909050649 ::::::::::1.0000000000000002
	27	0.004330885099554642 0.004377636557940415 0.9912914783425051 ::::::::::1.0000000000000002
	28	0.006956961357541667 0.0070097155668879555 0.9860333230755702 ::::::::::0.9999999999999999
	29	0.02059160174698266 0.02100362998584558 0.9584047682671717 ::::::::::0.9999999999999999
	30	0.022729606968037577 0.02308149251374499 0.9541889005182175 ::::::::::1.0
	31	0.009225770404989389 0.009254767064198366 0.9815194625308123 ::::::::::1.0
	32	0.011547572313634017 0.01179429239093414 0.9766581352954317 ::::::::::0.9999999999999998
	33	0.020303278393087945 0.0205875053421279 0.9591092162647841 ::::::::::0.9999999999999999
	34	0.021523835160532485 0.021763655050900537 0.9567125097885669 ::::::::::1.0
	35	0.01616734982938816 0.016278944996459002 0.9675537051741528 ::::::::::1.0
	36	0.012802926383173312 0.012802926383173312 0.9743941472336536 ::::::::::1.0000000000000002
	37	0.021523835160532485 0.021763655050900537 0.9567125097885669 ::::::::::1.0
	38	0.03918677426334473 0.03992403054805387 0.9208891951886015 ::::::::::1.0
	39	0.0061665394359808464 0.006238452432318816 0.9875950081317005 ::::::::::1.0000000000000002
	40	0.004434322257582842 0.004494653172651996 0.9910710245697653 ::::::::::1.0
	41	0.08091044062507864 0.08130803492790459 0.8377815244470167 ::::::::::1.0
	42	0.030817636885460523 0.03149938714839166 0.9376829759661478 ::::::::::1.0
	43	0.005210522738771575 0.005311209168506292 0.9894782680927221 ::::::::::1.0
	44	0.009421028647341864 0.009683635717651047 0.980895335635007 ::::::::::0.9999999999999999
	45	0.02579912524286488 0.02608302208185101 0.948117852675284 ::::::::::0.9999999999999999
	46	0.0028997763886247194 0.002960218377866525 0.9941400052335087 ::::::::::0.9999999999999999
	47	0.022531208223272748 0.022964879772627084 0.9545039120041001 ::::::::::1.0
	48	0.0038626918597477722 0.0039083366675439065 0.9922289714727083 ::::::::::1.0
