1	0	0.2724194918371647 0.5757218616272298 0.1518586465356054 ::::::::::0.9999999999999999
	1	0.2713488903224239 0.5819851046424502 0.1466660050351258 ::::::::::1.0
	2	0.2790160552417318 0.5686238262464361 0.15236011851183204 ::::::::::1.0
	3	0.27645444345395637 0.5770490476401361 0.1464965089059076 ::::::::::1.0
	4	0.2755006600093091 0.5709513678123959 0.15354797217829497 ::::::::::0.9999999999999999
	5	0.26793349168646086 0.5831716252667177 0.14889488304682155 ::::::::::1.0000000000000002
	6	0.28088966357615514 0.568028262938209 0.15108207348563604 ::::::::::1.0
	7	0.2704624712689229 0.5820599191566934 0.14747760957438377 ::::::::::1.0
	8	0.2825010931076247 0.5674454389123964 0.15005346797997898 ::::::::::1.0
	9	0.2700077946983834 0.5838833545303831 0.1461088507712336 ::::::::::1.0
	10	0.26899244572380043 0.5777224118386168 0.15328514243758273 ::::::::::1.0
	11	0.2723756224902442 0.5822116455029256 0.14541273200683022 ::::::::::1.0
	12	0.27389545026229506 0.5772626916639246 0.1488418580737803 ::::::::::1.0
	13	0.28995337489409334 0.5493585452339362 0.16068807987197056 ::::::::::1.0000000000000002
	14	0.27771419744607756 0.5506977923304482 0.17158801022347406 ::::::::::0.9999999999999999
	15	0.2813077141080842 0.5477938389782155 0.17089844691370024 ::::::::::1.0
	16	0.2768879135546052 0.5626977709904145 0.1604143154549803 ::::::::::1.0
	17	0.27214233929434517 0.5775132914451426 0.15034436926051228 ::::::::::1.0
	18	0.2627629077297844 0.5867224169686887 0.15051467530152696 ::::::::::1.0
	19	0.27481693105781524 0.5722306593489211 0.15295240959326364 ::::::::::1.0
	20	0.2581208309971921 0.60055848198114 0.14132068702166783 ::::::::::1.0
	21	0.2728882600966655 0.5775961905721562 0.14951554933117822 ::::::::::0.9999999999999998
	22	0.28954683967948963 0.5450731673211661 0.16537999299934414 ::::::::::0.9999999999999999
	23	0.26033387680164743 0.6053394513980052 0.13432667180034732 ::::::::::0.9999999999999999
	24	0.26545457162183556 0.5979885727444122 0.1365568556337521 ::::::::::0.9999999999999999
	25	0.26381278225121896 0.5963972726961317 0.13978994505264924 ::::::::::1.0
	26	0.2672296295121337 0.5916146047131231 0.14115576577474312 ::::::::::0.9999999999999999
	27	0.26836879813820164 0.5827337949263786 0.14889740693541972 ::::::::::0.9999999999999999
	28	0.2695440278261271 0.5800188154332585 0.15043715674061456 ::::::::::1.0000000000000002
	29	0.27255980126720075 0.5838055098110364 0.14363468892176293 ::::::::::1.0000000000000002
	30	0.26919744002989754 0.5889823184546751 0.1418202415154276 ::::::::::1.0000000000000002
	31	0.26321365865471946 0.5921373937962907 0.1446489475489899 ::::::::::1.0
	32	0.2796187649677616 0.5574315960390684 0.16294963899317005 ::::::::::1.0
	33	0.27983586593816184 0.5520849409332661 0.16807919312857206 ::::::::::1.0
	34	0.2700077946983834 0.5838833545303831 0.1461088507712336 ::::::::::1.0
	35	0.27563552020045645 0.5701872035519245 0.15417727624761907 ::::::::::1.0
	36	0.26977463611561336 0.5738668937865699 0.15635847009781695 ::::::::::1.0000000000000002
	37	0.2700077946983834 0.5838833545303831 0.1461088507712336 ::::::::::1.0
	38	0.28456239811540707 0.5621630250230979 0.15327457686149495 ::::::::::0.9999999999999999
	39	0.2686146095717884 0.584080604534005 0.14730478589420654 ::::::::::1.0
	40	0.2761546158551911 0.5704075003201009 0.15343788382470797 ::::::::::1.0
	41	0.2830618819340049 0.5664242541885343 0.15051386387746096 ::::::::::1.0000000000000002
	42	0.28557114992528654 0.559685082200612 0.15474376787410146 ::::::::::1.0
	43	0.2689735034681561 0.5907325718304959 0.14029392470134805 ::::::::::1.0
	44	0.26565289958793387 0.59457644245312 0.13977065795894622 ::::::::::1.0
	45	0.27316301536151605 0.5811836424992254 0.14565334213925848 ::::::::::1.0
	46	0.27296971047262797 0.5753203910336738 0.15170989849369815 ::::::::::1.0
	47	0.279191690507328 0.5705628842918212 0.15024542520085069 ::::::::::1.0
	48	0.2702477994469246 0.5769335044372548 0.15281869611582044 ::::::::::0.9999999999999998
	49	0.2717434911794078 0.5790606757495744 0.14919583307101775 ::::::::::1.0
	50	0.3831103678929766 0.33946488294314364 0.2774247491638797 ::::::::::1.0
	51	0.4286001051474455 0.4569038856760501 0.1144960091765044 ::::::::::1.0
	52	0.42808417828719914 0.2732081950857327 0.29870762662706823 ::::::::::1.0
	53	0.12594671838317864 0.8489741757680922 0.02507910584872922 ::::::::::1.0
	54	0.47771888137452 0.4025223907877902 0.11975872783768962 ::::::::::0.9999999999999998
	55	0.3311753825458216 0.6283840591895071 0.04044055826467125 ::::::::::1.0
	56	0.543876567020251 0.3317261330761811 0.12439729990356796 ::::::::::1.0
	57	0.1951605554090026 0.7431113455958176 0.06172809899517972 ::::::::::0.9999999999999999
	58	0.40839792912102063 0.4464689225136582 0.14513314836532126 ::::::::::1.0000000000000002
	59	0.15816063904829078 0.8105732751224906 0.03126608582921851 ::::::::::0.9999999999999999
	60	0.2131241592150036 0.7210967792988842 0.0657790614861122 ::::::::::1.0
	61	0.20052910638580518 0.7663076565457542 0.03316323706844072 ::::::::::1.0
	62	0.12377844314065249 0.8409653048673738 0.035256251991973755 ::::::::::1.0
	63	0.5566458519179307 0.37109723461195326 0.07225691347011594 ::::::::::0.9999999999999999
	64	0.06171942547742642 0.9223625251904283 0.015918049332145443 ::::::::::1.0
	65	0.36137418755803175 0.4904363974001854 0.14818941504178282 ::::::::::1.0
	66	0.4494334506648095 0.5036754188484929 0.046891130486697574 ::::::::::0.9999999999999999
	67	0.041914754452094 0.948321319478628 0.009763926069278008 ::::::::::1.0
	68	0.44125057377467236 0.47716631815168026 0.08158310807364719 ::::::::::0.9999999999999999
	69	0.03963180772181033 0.9511633853234466 0.009204806954743041 ::::::::::0.9999999999999999
	70	0.7488005065880806 0.18850921844175458 0.06269027497016491 ::::::::::1.0000000000000002
	71	0.06598230088495571 0.9182536873156341 0.015764011799410012 ::::::::::0.9999999999999998
	72	0.6632529308718503 0.2355028522660915 0.10124421686205815 ::::::::::1.0
	73	0.45763695286076195 0.46382123600752834 0.07854181113170966 ::::::::::0.9999999999999999
	74	0.26789396444427943 0.6579851758280543 0.07412085972766627 ::::::::::0.9999999999999999
	75	0.359009866712827 0.5173965726155442 0.12359356067162885 ::::::::::1.0
	76	0.4481442377974499 0.3252659790465362 0.22658978315601397 ::::::::::1.0
	77	0.5372070774272297 0.2162486116762154 0.24654431089655485 ::::::::::1.0
	78	0.4441291356458454 0.5027877007311452 0.053083163623009376 ::::::::::1.0
	79	0.05983125270310883 0.9219452121069953 0.018223535189895678 ::::::::::0.9999999999999999
	80	0.0724881577875169 0.9097263802333366 0.017785461979146374 ::::::::::0.9999999999999999
	81	0.07925786378306962 0.8992719160002127 0.021470220216717656 ::::::::::1.0
	82	0.0 NaN 0.0 ::::::::::NaN
	83	0.8930431389845461 0.07079000491950671 0.036166856095947345 ::::::::::1.0000000000000002
	84	0.4523267165636189 0.4975593882199803 0.050113895216400896 ::::::::::1.0
	85	0.4714595375722545 0.4400289017341039 0.08851156069364159 ::::::::::1.0
	86	0.4583425414364641 0.3478011049723755 0.19385635359116038 ::::::::::1.0
	87	0.3203099241674914 0.6023738872403558 0.07731618859215306 ::::::::::1.0000000000000002
	88	0.10566065459354218 0.8746354185798773 0.019703926826580447 ::::::::::0.9999999999999998
	89	0.07984994640943198 0.9049660593068952 0.015183994283672744 ::::::::::1.0
	90	0.236202274198022 0.7288527318110378 0.03494499399094021 ::::::::::1.0
	91	0.4741903885541273 0.454154174953249 0.07165543649262364 ::::::::::1.0
	92	0.011532160872922538 0.9859997546348749 0.0024680844922024448 ::::::::::0.9999999999999999
	93	0.1866065934736511 0.7542016486226729 0.059191757903676104 ::::::::::1.0
	94	0.10201710845918283 0.8817192945400779 0.016263597000739278 ::::::::::1.0
	95	0.11683393931270217 0.8608816580935943 0.022284402593703404 ::::::::::0.9999999999999999
	96	0.10750019852298905 0.8743349479869768 0.01816485349003415 ::::::::::1.0
	97	0.22406335263192928 0.7266919544819324 0.049244692886138294 ::::::::::1.0
	98	0.1826820128479658 0.7550856531049249 0.06223233404710922 ::::::::::1.0
	99	0.04785961655182249 0.9435181548787892 0.008622228569388385 ::::::::::1.0
	100	0.43701247174020447 0.11592879280142536 0.4470587354583703 ::::::::::1.0000000000000002
	101	NaN 0.0 0.0 ::::::::::NaN
	102	0.10445726604108536 0.038993152422013656 0.856549581536901 ::::::::::1.0
	103	0.6559550310280933 0.1019139172501275 0.24213105172177934 ::::::::::1.0000000000000002
	104	0.4314349796885047 0.09642862744482959 0.4721363928666658 ::::::::::1.0
	105	0.046375484345883074 0.022802294140320464 0.9308222215137963 ::::::::::0.9999999999999999
	106	0.5018874856142483 0.4296981897382261 0.06841432464752563 ::::::::::1.0000000000000002
	107	0.0 0.0 NaN ::::::::::NaN
	108	0.32967072011654014 0.09233516019861607 0.5779941196848438 ::::::::::1.0
	109	0.1833585685053568 0.08142697719646494 0.7352144542981782 ::::::::::1.0
	110	0.6229272242046237 0.16567213409697445 0.21140064169840175 ::::::::::0.9999999999999999
	111	0.7367011529895973 0.10486849152876848 0.15843035548163417 ::::::::::1.0
	112	0.3857625874767383 0.11157707126569336 0.5026603412575683 ::::::::::1.0
	113	0.9500533737850442 0.03500196640260686 0.014944659812349003 ::::::::::1.0
	114	0.8665475170600574 0.07795929219225431 0.05549319074768838 ::::::::::1.0
	115	0.6285237001461681 0.13468365003132182 0.23679264982251014 ::::::::::1.0
	116	0.556891766882516 0.11933395004625345 0.3237742830712305 ::::::::::1.0
	117	0.13628527609497137 0.07452789256438042 0.7891868313406482 ::::::::::1.0
	118	0.10340852182622487 0.052489358150404834 0.8441021200233704 ::::::::::1.0
	119	0.7115058648043936 0.2058444640314597 0.08264967116414673 ::::::::::1.0
	120	0.27492535375827565 0.0921069713098792 0.6329676749318451 ::::::::::1.0
	121	0.9262863534675616 0.054809843400447256 0.01890380313199101 ::::::::::0.9999999999999999
	122	0.054820654296815256 0.02804461571051955 0.9171347299926652 ::::::::::1.0
	123	0.7774022211492035 0.1448575567358762 0.07774022211492031 ::::::::::1.0
	124	0.3425451741004077 0.10302603895357092 0.5544287869460214 ::::::::::1.0
	125	0.057532546971320465 0.02497473027551591 0.9174927227531635 ::::::::::0.9999999999999999
	126	0.7816760527864167 0.157501891233084 0.06082205598049931 ::::::::::1.0
	127	0.8218281976243763 0.12274057496987408 0.05543122740574962 ::::::::::1.0
	128	0.6121484282675488 0.09926731269203502 0.28858425904041624 ::::::::::1.0
	129	0.10064654330836037 0.04548116991425908 0.8538722867773806 ::::::::::1.0
	130	0.019065086758211298 0.008615488573014475 0.9723194246687741 ::::::::::0.9999999999999999
	131	0.13183686373695858 0.07714195384128993 0.7910211824217516 ::::::::::1.0
	132	0.606185567010309 0.1010309278350516 0.2927835051546394 ::::::::::1.0
	133	0.7142902029786966 0.16759881857600706 0.11811097844529625 ::::::::::1.0
	134	0.6787718108391394 0.1344102595721068 0.18681792958875384 ::::::::::1.0
	135	0.08289345280340668 0.04131919801277504 0.8757873491838183 ::::::::::1.0
	136	0.5449436476983079 0.13328010318459602 0.32177624911709596 ::::::::::1.0
	137	0.6010812332156716 0.12056571247639936 0.27835305430792906 ::::::::::1.0
	138	0.8096176586519512 0.1432400472999605 0.04714229404808827 ::::::::::1.0
	139	0.37006379100850506 0.1253037667071688 0.5046324422843261 ::::::::::1.0
	140	0.4076045159504105 0.11305257329190636 0.479342910757683 ::::::::::0.9999999999999998
	141	0.4565958137270808 0.17377900373194877 0.36962518254097043 ::::::::::1.0
	142	NaN 0.0 0.0 ::::::::::NaN
	143	0.24687269114162683 0.07834195307125928 0.6747853557871138 ::::::::::1.0
	144	0.3718304093827444 0.11520647110383395 0.5129631195134217 ::::::::::1.0
	145	0.5358257372034425 0.15087724705465358 0.3132970157419039 ::::::::::1.0
	146	0.7964009851113847 0.12006045001679166 0.0835385648718236 ::::::::::1.0
	147	0.6570409982174686 0.13547237076648838 0.20748663101604295 ::::::::::0.9999999999999999
	148	0.634469070459808 0.1389348329474032 0.22659609659278881 ::::::::::1.0
	149	0.9173026008409906 0.053106992680267875 0.029590406478741633 ::::::::::1.0
	150	0.34488316917728806 0.42256873194612143 0.23254809887659056 ::::::::::1.0
2	0	0.3312211455366726 0.44744187300358557 0.22133698145974193 ::::::::::1.0
	1	0.32407508563365445 0.45524087222715975 0.2206840421391857 ::::::::::0.9999999999999999
	2	0.32536697012119653 0.4518579495166281 0.22277508036217536 ::::::::::1.0
	3	0.3218913630647107 0.4588697117809227 0.21923892515436666 ::::::::::1.0
	4	0.33138098534731536 0.4470296805624659 0.2215893340902188 ::::::::::1.0
	5	0.3381328541728141 0.4445923009189041 0.21727484490828178 ::::::::::1.0
	6	0.32589416670899946 0.45286397314990234 0.2212418601410983 ::::::::::1.0000000000000002
	7	0.3284243897483871 0.452441360802629 0.21913424944898408 ::::::::::1.0000000000000002
	8	0.3196732559599334 0.45864272670588824 0.22168401733417817 ::::::::::0.9999999999999999
	9	0.32422130251106784 0.45670400413148937 0.21907469335744284 ::::::::::1.0
	10	0.3361743286419132 0.4431771851269332 0.2206484862311534 ::::::::::0.9999999999999999
	11	0.32581011226288836 0.4568263182563111 0.21736356948080066 ::::::::::1.0000000000000002
	12	0.32330645682347003 0.45565145118888495 0.22104209198764496 ::::::::::1.0
	13	0.3226627793629627 0.4501234905477796 0.2272137300892576 ::::::::::1.0
	14	0.3450496335330218 0.42583805976504235 0.22911230670193586 ::::::::::1.0
	15	0.34861908592031554 0.42570647455616095 0.22567443952352342 ::::::::::0.9999999999999999
	16	0.33965389065789786 0.4354215543367053 0.22492455500539696 ::::::::::1.0
	17	0.3313119243750906 0.44757578941475223 0.22111228621015727 ::::::::::1.0000000000000002
	18	0.34061578762416284 0.44136396454074384 0.21802024783509322 ::::::::::0.9999999999999999
	19	0.3342047987071381 0.4454430528222706 0.22035214847059129 ::::::::::1.0
	20	0.3312054184387663 0.4532186631392118 0.21557591842202203 ::::::::::1.0
	21	0.3331438635817789 0.4471316490730469 0.21972448734517425 ::::::::::1.0
	22	0.33049091661871133 0.44082502147052877 0.22868406191075993 ::::::::::1.0
	23	0.326756050055931 0.45906332560684787 0.21418062433722096 ::::::::::0.9999999999999999
	24	0.32299460610730635 0.46562280846053283 0.21138258543216076 ::::::::::1.0
	25	0.32303783701293176 0.4602559293964154 0.21670623359065264 ::::::::::0.9999999999999998
	26	0.3277575501771124 0.4555569132435199 0.21668553657936776 ::::::::::1.0
	27	0.33157905264160475 0.44889162134167937 0.2195293260167159 ::::::::::1.0
	28	0.33109531994005653 0.44769635078109943 0.22120832927884404 ::::::::::1.0
	29	0.3227300624388165 0.46008632889177453 0.21718360866940903 ::::::::::1.0
	30	0.3224211928585927 0.46067300465709154 0.21690580248431568 ::::::::::0.9999999999999999
	31	0.3328357146256308 0.44793993483671224 0.21922435053765707 ::::::::::1.0
	32	0.3385206834548985 0.4388521847200564 0.222627131825045 ::::::::::0.9999999999999999
	33	0.343472271106273 0.4310577002383727 0.22547002865535426 ::::::::::0.9999999999999999
	34	0.32422130251106784 0.45670400413148937 0.21907469335744284 ::::::::::1.0
	35	0.3285120658981194 0.44702312409203193 0.22446481000984858 ::::::::::0.9999999999999998
	36	0.33595967324540693 0.43993202709813245 0.22410829965646048 ::::::::::0.9999999999999999
	37	0.32422130251106784 0.45670400413148937 0.21907469335744284 ::::::::::1.0
	38	0.32150543597918024 0.45511626772857855 0.2233782962922412 ::::::::::1.0
	39	0.32939130339177203 0.4514432845882206 0.21916541202000747 ::::::::::1.0
	40	0.3310053988228643 0.4460648261300755 0.22292977504706019 ::::::::::1.0
	41	0.3163099206350312 0.459109343418363 0.22458073594660563 ::::::::::0.9999999999999999
	42	0.323350228627603 0.45322040242065675 0.22342936895174015 ::::::::::0.9999999999999999
	43	0.32924213152568327 0.45398714063000173 0.21677072784431495 ::::::::::1.0
	44	0.33181831170178183 0.4559838328931667 0.21219785540505143 ::::::::::1.0
	45	0.3232825874686683 0.4561876512057876 0.2205297613255441 ::::::::::1.0
	46	0.3335190714643328 0.4477678077154449 0.2187131208202222 ::::::::::0.9999999999999999
	47	0.32381274560678763 0.4550397642275192 0.22114749016569324 ::::::::::1.0
	48	0.3350381814602454 0.44455066166889273 0.22041115687086196 ::::::::::1.0
	49	0.3280769537248373 0.45106634109329186 0.22085670518187092 ::::::::::1.0
	50	0.44537186993895606 0.42512769403263984 0.1295004360284041 ::::::::::1.0
	51	0.3187663629936005 0.5688166237849877 0.11241701322141175 ::::::::::0.9999999999999999
	52	0.44240763869304234 0.4455904274606179 0.11200193384633979 ::::::::::1.0
	53	0.23884340730249692 0.6287434066406795 0.1324131860568236 ::::::::::1.0
	54	0.2781039761042924 0.620562591307099 0.10133343258860857 ::::::::::1.0
	55	0.20356747486600052 0.7038847194310306 0.09254780570296876 ::::::::::0.9999999999999998
	56	0.3149021540194283 0.5818844150359006 0.1032134309446712 ::::::::::1.0000000000000002
	57	0.27661141804788203 0.5532228360957644 0.17016574585635355 ::::::::::1.0
	58	0.30112940056249593 0.5933364485157333 0.10553415092177068 ::::::::::0.9999999999999999
	59	0.25469872816605305 0.6055101839419377 0.13979108789200917 ::::::::::1.0
	60	0.26489401844758553 0.5681847268655867 0.16692125468682778 ::::::::::1.0
	61	0.26466234858083376 0.617138932635493 0.1181987187836733 ::::::::::1.0
	62	0.25073779398772944 0.614264215028763 0.13499799098350754 ::::::::::1.0
	63	0.20493827160493805 0.7172839506172842 0.07777777777777768 ::::::::::1.0
	64	0.2841574636445919 0.5657019850947512 0.15014055126065687 ::::::::::1.0
	65	0.35558556659284507 0.5168999943642334 0.12751443904292153 ::::::::::1.0
	66	0.2231647760814026 0.6763398735227789 0.1004953503958185 ::::::::::1.0
	67	0.24600488484394054 0.6331440462517357 0.12085106890432364 ::::::::::0.9999999999999999
	68	0.21668828376735633 0.6765662960793718 0.10674542015327199 ::::::::::1.0000000000000002
	69	0.2507084409924109 0.6151642302128605 0.13412732879472858 ::::::::::0.9999999999999999
	70	0.2507982935999879 0.6541655491399685 0.09503615726004382 ::::::::::1.0000000000000002
	71	0.27615154545174225 0.5946251668347864 0.12922328771347136 ::::::::::1.0
	72	0.16338224389366984 0.772352425679168 0.06426533042716212 ::::::::::0.9999999999999999
	73	0.19090992503465548 0.7336089254140704 0.07548114955127419 ::::::::::1.0
	74	0.2886693513341252 0.5942289306718429 0.1171017179940319 ::::::::::1.0
	75	0.3271616204207756 0.5517536517366599 0.1210847278425646 ::::::::::1.0000000000000002
	76	0.3381422388550043 0.5549000842748791 0.10695767687011667 ::::::::::1.0
	77	0.3855618660943275 0.516732397858377 0.09770573604729546 ::::::::::1.0
	78	0.23018148152279383 0.6748502526463733 0.09496826583083283 ::::::::::1.0
	79	0.2809634903280791 0.5643029932593557 0.1547335164125653 ::::::::::1.0000000000000002
	80	0.2543546519467565 0.6041775378681673 0.14146781018507612 ::::::::::1.0
	81	0.26100492053237806 0.5921118820710546 0.1468831973965673 ::::::::::0.9999999999999999
	82	0.262582266678447 0.6048924823153665 0.13252525100618653 ::::::::::1.0
	83	0.10442058842955051 0.8555751439066399 0.0400042676638097 ::::::::::1.0
	84	0.2232337590250024 0.6708950404922537 0.10587120048274373 ::::::::::0.9999999999999998
	85	0.29676310695737157 0.5888404806469955 0.11439641239563297 ::::::::::1.0
	86	0.3663414578440292 0.5226129888124612 0.11104555334350956 ::::::::::1.0
	87	0.23363713262651753 0.6550712009718187 0.1112916664016637 ::::::::::0.9999999999999999
	88	0.2563310101910417 0.6201866388891872 0.123482350919771 ::::::::::0.9999999999999999
	89	0.2421130928318483 0.6283411218731305 0.1295457852950212 ::::::::::1.0
	90	0.2059780224580844 0.6906980426991205 0.10332393484279519 ::::::::::1.0
	91	0.23324928528764027 0.6776293891546106 0.08912132555774918 ::::::::::1.0
	92	0.2507406595868651 0.622657102617197 0.12660223779593793 ::::::::::1.0
	93	0.2756123839254883 0.5544912849937975 0.1698963310807141 ::::::::::0.9999999999999999
	94	0.23143943631379654 0.6538423537116231 0.11471820997458049 ::::::::::1.0000000000000002
	95	0.2497478814388018 0.6340581989976483 0.11619391956354996 ::::::::::1.0
	96	0.24407823689894265 0.6409802347391159 0.11494152836194149 ::::::::::1.0
	97	0.265335610140549 0.6235386838302903 0.11112570602916062 ::::::::::1.0
	98	0.29025714900211347 0.5313995386947092 0.17834331230317732 ::::::::::1.0
	99	0.2477957496328204 0.6315769716251157 0.12062727874206394 ::::::::::1.0
	100	0.4792845130713957 0.33045405901238345 0.19026142791622072 ::::::::::0.9999999999999998
	101	0.15428232346541826 0.7791257335003627 0.06659194303421898 ::::::::::1.0
	102	0.8457655636567584 0.07291082445316885 0.08132361189007296 ::::::::::1.0000000000000002
	103	0.20321747835402784 0.7427949208802404 0.05398760076573173 ::::::::::0.9999999999999999
	104	0.5027992725457333 0.36704346895838535 0.13015725849588136 ::::::::::1.0
	105	0.3000000000000005 0.05000000000000002 0.6499999999999995 ::::::::::1.0
	106	0.22226394201090782 0.6498189431882547 0.12791711480083745 ::::::::::1.0
	107	0.7644756157233731 0.06662860870983525 0.16889577556679164 ::::::::::1.0
	108	0.3725490196078433 0.5098039215686271 0.11764705882352948 ::::::::::0.9999999999999998
	109	0.6571142303160747 0.11817313133749568 0.22471263834642954 ::::::::::1.0
	110	0.4086554390813024 0.48460025519375705 0.1067443057249406 ::::::::::1.0
	111	0.22353509114733008 0.7061676743063376 0.07029723454633227 ::::::::::1.0
	112	0.6055528961225467 0.2843465773097177 0.11010052656773578 ::::::::::1.0000000000000002
	113	0.17429305129045272 0.7402558807616988 0.0854510679478484 ::::::::::0.9999999999999999
	114	0.25900900900900886 0.6174924924924925 0.12349849849849844 ::::::::::0.9999999999999999
	115	0.4307427171362721 0.44031477751707804 0.12894250534664972 ::::::::::0.9999999999999999
	116	0.35758202608745615 0.5692122047922772 0.07320576912026663 ::::::::::1.0
	117	0.4851961324582937 0.10450378237563243 0.410300085166074 ::::::::::1.0000000000000002
	118	0.0 0.0 NaN ::::::::::NaN
	119	0.12467897220500222 0.8150310590438117 0.06028996875118601 ::::::::::0.9999999999999999
	120	0.7079679877562735 0.16726716194241603 0.12476485030131038 ::::::::::0.9999999999999998
	121	0.20212933819438084 0.7039065549400816 0.09396410686553772 ::::::::::1.0000000000000002
	122	0.14804218440012515 0.033371619505064176 0.8185861960948108 ::::::::::1.0
	123	0.21702288858760654 0.7037742244198104 0.07920288699258307 ::::::::::1.0
	124	0.678391959798995 0.22110552763819083 0.10050251256281408 ::::::::::0.9999999999999999
	125	NaN 0.0 0.0 ::::::::::NaN
	126	0.22558472553699274 0.6900238663484488 0.08439140811455843 ::::::::::1.0
	127	0.227791563275434 0.6918114143920598 0.08039702233250613 ::::::::::1.0
	128	0.33366515274062103 0.5650780812542773 0.10125676600510174 ::::::::::1.0
	129	0.8774772707717898 0.07261880861559643 0.04990392061261367 ::::::::::1.0
	130	0.7489437001191722 0.07388682243328158 0.17716947744754616 ::::::::::1.0
	131	0.5676070412791143 0.10492735798293483 0.3274656007379508 ::::::::::1.0
	132	0.3595730486991328 0.5230153435623747 0.11741160773849235 ::::::::::0.9999999999999998
	133	0.14666999251683702 0.8066849588426043 0.04664504864055872 ::::::::::1.0
	134	0.0 NaN 0.0 ::::::::::NaN
	135	0.5455529496662461 0.07937939743821036 0.37506765289554356 ::::::::::1.0
	136	0.46858581010080025 0.3821205713322005 0.14929361856699916 ::::::::::0.9999999999999999
	137	0.33539339196577156 0.5918706917043021 0.07273591632992633 ::::::::::1.0
	138	0.22784034998461494 0.6858699195413155 0.08628973047406946 ::::::::::1.0
	139	0.6409106392642219 0.2482400363347335 0.11084932440104461 ::::::::::1.0
	140	0.571794902664243 0.27701864849572005 0.151186448840037 ::::::::::1.0
	141	0.533121942500811 0.3171392068209952 0.1497388506781938 ::::::::::1.0
	142	0.15428232346541826 0.7791257335003627 0.06659194303421898 ::::::::::1.0
	143	0.6975697569756977 0.1674167416741674 0.13501350135013498 ::::::::::1.0
	144	0.5921976592977893 0.2403120936280883 0.16749024707412222 ::::::::::0.9999999999999998
	145	0.4800066816739185 0.3801395197149152 0.1398537986111663 ::::::::::1.0
	146	0.2039800995024875 0.7139303482587067 0.08208955223880593 ::::::::::1.0000000000000002
	147	0.3697311011590136 0.532588848098103 0.0976800507428835 ::::::::::1.0
	148	0.4130504660880746 0.45435551269688207 0.13259402121504335 ::::::::::1.0
	149	0.18074734764265957 0.7526201032989434 0.06663254905839697 ::::::::::0.9999999999999999
	150	0.31618619363599126 0.41449068623623553 0.26932312012777326 ::::::::::1.0
3	0	0.012731528053623865 0.9495963855168436 0.03767208642953272 ::::::::::1.0000000000000002
	1	0.005258362618768721 0.9754262657815959 0.019315371599635596 ::::::::::1.0000000000000002
	2	0.00376540045203904 0.983606273638198 0.012628325909762886 ::::::::::0.9999999999999999
	3	0.0013386185130272214 0.9937011428372028 0.004960238649769752 ::::::::::0.9999999999999998
	4	0.012600927611898963 0.9511527773257529 0.036246295062348 ::::::::::0.9999999999999999
	5	0.04732986630470903 0.8358546292064636 0.11681550448882731 ::::::::::0.9999999999999999
	6	0.00435135115031873 0.9816648195119048 0.013983829337776433 ::::::::::0.9999999999999999
	7	0.006467490361759484 0.9728953358475353 0.020637173790705263 ::::::::::1.0
	8	0.00881221809789007 0.9573273297253296 0.033860452176780166 ::::::::::0.9999999999999999
	9	0.0031597835387329916 0.9854010664363015 0.011439150024965372 ::::::::::1.0
	10	0.032489022456434855 0.881535475984599 0.0859755015589661 ::::::::::1.0
	11	0.0023779538943275247 0.9897044108191194 0.007917635286552928 ::::::::::0.9999999999999999
	12	0.0042686203219058 0.9800752259095707 0.015656153768523508 ::::::::::1.0
	13	0.015803948514831235 0.9310587059824482 0.05313734550272041 ::::::::::0.9999999999999999
	14	0.0696177914208934 0.7817281355072463 0.14865407307186038 ::::::::::1.0
	15	0.0913087522149861 0.7359705449617555 0.17272070282325838 ::::::::::1.0
	16	0.044298956894307955 0.8504601544303629 0.10524088867532919 ::::::::::1.0
	17	0.013387414832856735 0.9469364758440678 0.039676109323075415 ::::::::::1.0
	18	0.06045139484247685 0.7928769903252402 0.146671614832283 ::::::::::1.0
	19	0.023940612434271532 0.9124033405505723 0.0636560470151561 ::::::::::0.9999999999999999
	20	0.025755248824320592 0.8938025240143849 0.08044222716129465 ::::::::::1.0
	21	0.02104798759658652 0.9206206748767854 0.05833133752662822 ::::::::::1.0000000000000002
	22	0.01869203123400142 0.9300167238502215 0.05129124491577705 ::::::::::1.0
	23	0.013943241960471732 0.937295709565046 0.04876104847448207 ::::::::::0.9999999999999998
	24	0.0072684576891895525 0.9667048726622125 0.026026669648597973 ::::::::::1.0
	25	0.006165116730726669 0.9698202857181573 0.024014597551116266 ::::::::::1.0000000000000002
	26	0.008408043230403393 0.9639574268268373 0.02763452994275922 ::::::::::0.9999999999999998
	27	0.01589325603049303 0.9367939197402039 0.04731282422930321 ::::::::::1.0000000000000002
	28	0.01451048852913605 0.9414229072994025 0.04406660417146139 ::::::::::0.9999999999999999
	29	0.0 NaN 0.0 ::::::::::NaN
	30	9.525623928367283E-4 0.9954277005143837 0.0036197370927795675 ::::::::::0.9999999999999999
	31	0.02662774715542772 0.8934068269734884 0.07996542587108386 ::::::::::1.0
	32	0.04297271794448709 0.8570669856706045 0.09996029638490843 ::::::::::1.0
	33	0.06271287522364323 0.8040686501888543 0.13321847458750247 ::::::::::1.0
	34	0.0031597835387329916 0.9854010664363015 0.011439150024965372 ::::::::::1.0
	35	0.010171628636460749 0.9573536872636857 0.03247468409985366 ::::::::::1.0
	36	0.03310204998391334 0.876800641037315 0.09009730897877166 ::::::::::1.0
	37	0.0031597835387329916 0.9854010664363015 0.011439150024965372 ::::::::::1.0
	38	0.008583064304536795 0.9605229235349814 0.03089401216048186 ::::::::::1.0
	39	0.00967663004265634 0.9598295418501527 0.030493828107190868 ::::::::::0.9999999999999998
	40	0.011985137164993269 0.9528184046169659 0.035196458218040926 ::::::::::1.0
	41	0.03163120475751172 0.829403484746965 0.13896531049552333 ::::::::::1.0
	42	0.007118628599242504 0.9689244482302298 0.02395692317052765 ::::::::::1.0
	43	0.016847809982253322 0.9305937396079931 0.05255845040975373 ::::::::::1.0000000000000002
	44	0.03300304232009613 0.8748344910388575 0.09216246664104642 ::::::::::1.0
	45	0.004426269087353989 0.9790907221227015 0.016483008789944482 ::::::::::1.0
	46	0.023484864907830902 0.913199939300657 0.06331519579151211 ::::::::::1.0
	47	0.0021521105246295373 0.9904012634345094 0.007446626040861 ::::::::::0.9999999999999999
	48	0.027181530091617688 0.8996209636774118 0.07319750623097047 ::::::::::1.0
	49	0.006234951143250575 0.9735430856532692 0.020221963203480353 ::::::::::1.0
	50	0.7130505932087822 0.08640392745124778 0.20054547933996994 ::::::::::0.9999999999999999
	51	0.6911732902176041 0.08140840138821664 0.22741830839417934 ::::::::::1.0000000000000002
	52	0.7731314014654637 0.06520385313564149 0.1616647453988949 ::::::::::1.0
	53	0.11895719236426794 0.06583616584530745 0.8152066417904247 ::::::::::1.0
	54	0.6576856341752089 0.08075203315281136 0.2615623326719798 ::::::::::1.0
	55	0.432043847803638 0.09698943522122487 0.4709667169751371 ::::::::::1.0
	56	0.7912822529417103 0.055960555370700854 0.15275719168758883 ::::::::::1.0
	57	0.022249401674556246 0.04645421394758894 0.9312963843778547 ::::::::::0.9999999999999999
	58	0.630378646212907 0.09290267611333285 0.27671867767376024 ::::::::::1.0
	59	0.14322003285985618 0.0901315559491488 0.7666484111909948 ::::::::::0.9999999999999998
	60	0.0 0.0 NaN ::::::::::NaN
	61	0.46546960564265744 0.10921895077013008 0.4253114435872124 ::::::::::0.9999999999999999
	62	0.18046956160398922 0.10184915852898402 0.7176812798670269 ::::::::::1.0
	63	0.6451516355305474 0.07682721766623314 0.27802114680321943 ::::::::::1.0
	64	0.1781680584670984 0.14142636392232855 0.6804055776105731 ::::::::::1.0
	65	0.6305810809672612 0.10201274071328903 0.26740617831944985 ::::::::::1.0
	66	0.5168765497072849 0.09299057560943852 0.3901328746832766 ::::::::::1.0
	67	0.23881551038741408 0.11526065950434483 0.6459238301082412 ::::::::::1.0
	68	0.4395435418920436 0.09515212255191054 0.46530433555604594 ::::::::::1.0
	69	0.12678246659110667 0.08326524157199712 0.789952291836896 ::::::::::0.9999999999999998
	70	0.8240365906047052 0.042822126197154635 0.13314128319814017 ::::::::::1.0
	71	0.3463941743011509 0.126896875734085 0.5267089499647641 ::::::::::1.0
	72	0.6572663628819222 0.07190822012335807 0.2708254169947197 ::::::::::1.0
	73	0.5604659741310581 0.09113625816585158 0.34839776770309033 ::::::::::1.0
	74	0.5175834084761045 0.11271415689810643 0.36970243462578906 ::::::::::1.0
	75	0.6116462881685667 0.10075843726210724 0.287595274569326 ::::::::::0.9999999999999999
	76	0.6914909022856238 0.08042571109660492 0.2280833866177713 ::::::::::1.0
	77	0.8386642090426109 0.04369511005095956 0.11764068090642955 ::::::::::1.0
	78	0.5830590680755239 0.08539754027368787 0.3315433916507882 ::::::::::1.0
	79	0.10654461199529004 0.11755991947430398 0.775895468530406 ::::::::::1.0
	80	0.07963740341911538 0.0630893715398187 0.857273225041066 ::::::::::1.0
	81	0.0647340755537678 0.06207517197651984 0.8731907524697123 ::::::::::1.0
	82	0.21642453854277988 0.11477481979494526 0.6688006416622749 ::::::::::1.0
	83	0.7573282888377776 0.05205166567244168 0.19062004548978073 ::::::::::1.0
	84	0.46614069212475645 0.09866571564258719 0.43519359223265647 ::::::::::1.0
	85	0.7037649377716264 0.0779376046788413 0.2182974575495323 ::::::::::1.0
	86	0.7407946890363599 0.07112790286632587 0.18807740809731413 ::::::::::0.9999999999999999
	87	0.4063798719532742 0.10535774458047847 0.4882623834662474 ::::::::::1.0
	88	0.31647950713604867 0.12225020672764349 0.5612702861363079 ::::::::::1.0
	89	0.15157590825246609 0.07971769989574146 0.7687063918517923 ::::::::::0.9999999999999999
	90	0.2757021900499728 0.09358184093159645 0.6307159690184306 ::::::::::0.9999999999999999
	91	0.6318160924758394 0.08227830143174122 0.2859056060924193 ::::::::::0.9999999999999998
	92	0.2195818714227038 0.10465066381130064 0.6757674647659957 ::::::::::1.0
	93	0.014228219755459418 0.02810314285784874 0.9576686373866918 ::::::::::1.0
	94	0.27284828942892214 0.09940984188495613 0.6277418686861216 ::::::::::0.9999999999999999
	95	0.3493353666685009 0.12147343431881963 0.5291911990126795 ::::::::::1.0
	96	0.3462204551552553 0.11234968412322856 0.5414298607215162 ::::::::::1.0
	97	0.48722481312329924 0.11056946866082257 0.40220571821587814 ::::::::::0.9999999999999999
	98	0.04667079558695401 0.12582009804436142 0.8275091063686848 ::::::::::1.0000000000000002
	99	0.28806504285146217 0.11028012081320485 0.6016548363353329 ::::::::::0.9999999999999999
	100	0.951670945709715 0.01468412186620426 0.03364493242408081 ::::::::::1.0
	101	0.79731027857829 0.043227665706051896 0.1594620557156581 ::::::::::0.9999999999999999
	102	0.8718864443899205 0.03937551684341572 0.08873803876666385 ::::::::::1.0
	103	0.9101012483411811 0.023599985223368654 0.06629876643545023 ::::::::::1.0
	104	0.9443422605441383 0.015915880795687704 0.0397418586601741 ::::::::::1.0
	105	0.7746554423392706 0.07524985408584382 0.1500947035748855 ::::::::::1.0
	106	0.2919610629127077 0.09575487943607122 0.6122840576512212 ::::::::::1.0
	107	0.7981868348443044 0.0638549467875443 0.13795821836815128 ::::::::::1.0
	108	0.8185911600695265 0.0487375052775295 0.13267133465294412 ::::::::::1.0
	109	0.8735053722380968 0.04292342517727109 0.08357120258463199 ::::::::::0.9999999999999999
	110	0.9440110729299259 0.015624315675829002 0.04036461139424513 ::::::::::1.0
	111	0.8747457927852924 0.031050814145522538 0.09420339306918528 ::::::::::1.0000000000000002
	112	0.9218182709926016 0.022579992026892242 0.05560173698050608 ::::::::::0.9999999999999999
	113	0.7098550848096248 0.05708472443834307 0.2330601907520322 ::::::::::1.0
	114	0.8768217300580134 0.029449050521991836 0.0937292194199947 ::::::::::1.0
	115	0.9851323065827913 0.004224007031560328 0.010643686385648412 ::::::::::1.0
	116	0.9183859671241332 0.022250681388755706 0.059363351487111214 ::::::::::1.0000000000000002
	117	0.7755268618267914 0.08096051313457232 0.1435126250386363 ::::::::::1.0
	118	0.7306078764692345 0.089711526159863 0.17968059737090258 ::::::::::1.0
	119	0.5595644671862914 0.08003807937169036 0.3603974534420181 ::::::::::0.9999999999999999
	120	0.928219109991769 0.022083493791055137 0.04969739621717587 ::::::::::1.0
	121	0.7474537372686862 0.052470262351311775 0.20007600038000198 ::::::::::1.0
	122	0.7444371167649163 0.08508406515485505 0.1704788180802286 ::::::::::0.9999999999999999
	123	0.7869643225991974 0.048398789827748874 0.1646368875730537 ::::::::::1.0
	124	0.9499810326366683 0.015165476984375786 0.03485349037895582 ::::::::::0.9999999999999999
	125	0.8446961236529507 0.049476343770939575 0.10582753257610991 ::::::::::1.0000000000000002
	126	0.7789809250065324 0.04967859942513721 0.17134047556833035 ::::::::::0.9999999999999999
	127	0.8455523861429286 0.03666796755441825 0.11777964630265322 ::::::::::1.0
	128	0.9262888412811132 0.01962129937400416 0.05408985934488251 ::::::::::0.9999999999999999
	129	0.8147041400428717 0.05695691361443019 0.12833894634269777 ::::::::::0.9999999999999998
	130	0.7965161413218622 0.0637941989617052 0.1396896597164325 ::::::::::1.0
	131	0.7640369857531898 0.0857677093551574 0.1501953048916527 ::::::::::0.9999999999999999
	132	0.932159992342574 0.018198351260484084 0.04964165639694179 ::::::::::0.9999999999999998
	133	0.7812291310107249 0.051581755348847395 0.1671891136404276 ::::::::::0.9999999999999998
	134	0.7574549059661724 0.057499107234274205 0.18504598679955347 ::::::::::1.0
	135	0.7940975262311835 0.06833480196054693 0.13756767180826948 ::::::::::0.9999999999999999
	136	0.9915246938909913 0.002538032492895015 0.005937273616113688 ::::::::::1.0
	137	0.9356253249248437 0.017653308017449867 0.04672136705770661 ::::::::::1.0000000000000002
	138	0.804625822499888 0.04485525920336611 0.15051891829674585 ::::::::::1.0
	139	0.9162630929710939 0.024807123041138787 0.05892978398776744 ::::::::::1.0
	140	0.9497186209524728 0.014905040731246039 0.035376338316281196 ::::::::::1.0
	141	0.9049624671184311 0.028188045233349578 0.06684948764821934 ::::::::::1.0
	142	0.79731027857829 0.043227665706051896 0.1594620557156581 ::::::::::0.9999999999999999
	143	0.9281716237567116 0.02209123234865844 0.049737143894630007 ::::::::::1.0
	144	0.953874602857081 0.014247839720959849 0.031877557421959 ::::::::::0.9999999999999999
	145	0.930971355114542 0.019567356833327606 0.04946128805213033 ::::::::::0.9999999999999999
	146	0.7733097657976138 0.05037560760053028 0.17631462660185596 ::::::::::1.0
	147	0.9322023447281151 0.018184645328371843 0.0496130099435131 ::::::::::1.0
	148	NaN 0.0 0.0 ::::::::::NaN
	149	0.8665638846505465 0.031385677835716545 0.10205043751373702 ::::::::::1.0
	150	0.18462075522882654 0.446356220414383 0.3690230243567905 ::::::::::1.0
4	0	0.9786930756806776 0.008081342215529303 0.013225582103792979 ::::::::::0.9999999999999999
	1	0.9469591989539913 0.02004570700579998 0.03299509404020875 ::::::::::1.0
	2	0.9337277478266706 0.025495534072038094 0.040776718101291326 ::::::::::1.0
	3	0.9227186976459089 0.02946882609653051 0.04781247625756062 ::::::::::0.9999999999999999
	4	0.9686579114629333 0.011968930307807884 0.019373158229258693 ::::::::::0.9999999999999999
	5	0.9617547963781926 0.014325058600394241 0.02392014502141304 ::::::::::0.9999999999999999
	6	0.9277904230483655 0.0278864708796016 0.044323106072033026 ::::::::::1.0
	7	0.9769875382586154 0.008676621121302101 0.01433584062008242 ::::::::::0.9999999999999999
	8	0.8818369319312372 0.0456239957060949 0.0725390723626678 ::::::::::0.9999999999999999
	9	0.9572125072902552 0.01608413950207667 0.02670335320766807 ::::::::::0.9999999999999999
	10	0.9841126994812215 0.005969885717804896 0.009917414800973565 ::::::::::0.9999999999999999
	11	0.958391177223338 0.015725265435593598 0.025883557341068297 ::::::::::0.9999999999999999
	12	0.9372807770736137 0.023796645445767442 0.03892257748061896 ::::::::::1.0
	13	0.8687387664586624 0.05166115699378239 0.07960007654755522 ::::::::::1.0
	14	0.9210160627446821 0.030476251324168663 0.04850768593114945 ::::::::::1.0000000000000002
	15	0.8757288677690426 0.04826202427177486 0.07600910795918253 ::::::::::1.0
	16	0.9508008754845572 0.018940256483756114 0.03025886803168676 ::::::::::1.0
	17	0.9772550192917827 0.00863299487006877 0.01411198583814852 ::::::::::1.0
	18	0.9639874845456754 0.0132893290552426 0.022723186399082097 ::::::::::1.0
	19	0.965743563739586 0.013062356588001625 0.0211940796724123 ::::::::::0.9999999999999999
	20	NaN 0.0 0.0 ::::::::::NaN
	21	0.9694471445603255 0.011615495741275813 0.01893735969839859 ::::::::::1.0
	22	0.9060111327680944 0.03718109524162298 0.05680777199028251 ::::::::::0.9999999999999999
	23	0.9743663417673077 0.009479242444228823 0.016154415788463262 ::::::::::0.9999999999999998
	24	0.9496608526377868 0.018657384138266953 0.03168176322394624 ::::::::::0.9999999999999999
	25	0.9605686357549189 0.014627948767841409 0.024803415477239705 ::::::::::1.0
	26	0.9740645682694774 0.009726750325087519 0.01620868140543507 ::::::::::1.0
	27	0.9891543758887 0.004070594139459673 0.006775029971840417 ::::::::::1.0
	28	0.984958117334026 0.005668196337026273 0.009373686328947549 ::::::::::0.9999999999999999
	29	0.9412634848665725 0.022195732830914815 0.036540782302512544 ::::::::::0.9999999999999999
	30	0.9482446301104396 0.019420860634497005 0.03233450925506321 ::::::::::0.9999999999999998
	31	0.9895895133937066 0.0038731487804058956 0.006537337825887411 ::::::::::0.9999999999999999
	32	0.938749739857245 0.02357033978862345 0.037679920354131625 ::::::::::1.0
	33	0.9224644805474063 0.029965922546316113 0.04756959690627743 ::::::::::0.9999999999999998
	34	0.9572125072902552 0.01608413950207667 0.02670335320766807 ::::::::::0.9999999999999999
	35	0.9548572440173803 0.017277272207793376 0.02786548377482629 ::::::::::1.0
	36	0.9792848706901485 0.007820376074721675 0.012894753235129966 ::::::::::1.0
	37	0.9572125072902552 0.01608413950207667 0.02670335320766807 ::::::::::0.9999999999999999
